0
0
0
2
0
0
0
0
0
0
10
3
2
0
11
11
11
11
16
16
17
16
17
18
16
17
18
19
16
17
18
19
20
16
17
18
19
20
21
16
17
18
19
20
21
22
12
11
23
11
24
23
11
24
11
16
25
11
23
25
24
26
11
27
23
27
11
23
30
11
23
27
11
11
27
11
29
11
34
29
34
35
11
29
34
35
36
11
29
34
35
36
37
11
29
25
25
24
25
41
25
24
11
26
27
28
11
28
46
47
25
27
11
26
11
49
24
49
26
11
51
39
51
51
49
26
51
49
39
54
26
11
16
25
41
48
49
55
55
41
48
55
48
27
57
11
58
55
48
57
48
58
59
48
58
60
59
57
55
55
58
59
48
57
41
61
60
59
48
62
57
58
61
60
55
55
62
48
63
58
61
60
59
57
11
63
64
48
62
58
61
60
59
57
55
64
58
59
62
65
48
63
61
60
57
25
11
24
27
48
41
25
68
11
24
27
48
41
25
69
68
11
24
27
41
58
27
69
68
70
11
48
41
25
26
27
11
48
48
73
69
68
25
48
41
70
71
64
65
66
63
62
48
58
